00000000001000000010
00000000000100000001
00001101100000000000
10000000000000000101
11100000000000000001
00000000000100010001
00000000000000111000
00000000000011110000
00000000000100000001
00001101100000000000
10000000000000001100
11100000000000001000
00000000000100010001
00000000000000101000
00000000000010100000
00000000000100000001
00001101100000000000
10000000000000010011
11100000000000001111
00000000000100010001
00000000000000011000
00000000000010010000
00000000000100000001
00001101100000000000
10000000000000011010
11100000000000010110
00000000001000000010
00000000001000000010
00000000001000000010
00000000000100010001
00001101100000000000
10000000000000100100
00000000000000000100
00000000000000000100
00000000000000000100
11100000000000010111
00000000000000010110
00000000000000100001
00010011000010001000
00000000000000000110
00000000000001110001
00001101100000000000
10000000000000101100
11100000000000110001
00000000000000000010
00000000000000000010
00000000000000000010
00000000000000000010
11100000000000000000
00000000000000000010
00000000000000000010
00000000000000000010
00000000001000000010
11100000000000001000